{
 "cells": [
  {
   "cell_type": "code",
   "execution_count": 1,
   "metadata": {},
   "outputs": [],
   "source": [
    "%run base.ipynb"
   ]
  },
  {
   "cell_type": "code",
   "execution_count": 2,
   "metadata": {},
   "outputs": [],
   "source": [
    "J = Kinematics.J # maps body velocity to Euler rates\n",
    "J_inv = Kinematics.J_INV # maps body velocity to Euler rates\n",
    "Jdot = Kinematics.J_dot # maps body acceleration to Euler acceleration"
   ]
  },
  {
   "cell_type": "code",
   "execution_count": 3,
   "metadata": {},
   "outputs": [
    {
     "name": "stdout",
     "output_type": "stream",
     "text": [
      "State size: 18\n",
      "Measurement size: 7\n"
     ]
    }
   ],
   "source": [
    "x_sym = ca.vertcat(n ,x_nb, dx_nb)\n",
    "\n",
    "nx = x_sym.size1()\n",
    "print(f\"State size: {nx}\")\n",
    "\n",
    "ny = 7\n",
    "print(f\"Measurement size: {ny}\")"
   ]
  },
  {
   "cell_type": "code",
   "execution_count": 4,
   "metadata": {},
   "outputs": [],
   "source": [
    "# Unpack state\n",
    "v     = x_nb              # body twist [u, v, w, p, q, r] in your convention\n",
    "a     = dx_nb             # body twist acceleration\n",
    "\n",
    "# First and second time derivatives of n\n",
    "n_dot     = J @ v\n",
    "n_dotdot  = J @ a + Jdot @ v\n",
    "\n",
    "# Discrete dynamics, constant acceleration over the step\n",
    "n_next = n + n_dot*dt + 0.5*n_dotdot*(dt**2)\n",
    "v_next = v + a*dt\n",
    "a_next = a                        # zero jerk model\n",
    "\n",
    "x_pred = ca.vertcat(n_next, v_next, a_next)\n",
    "\n",
    "# State Prediction and State Jacobian A = ∂f/∂x for EKF linearization\n",
    "AF  = ca.jacobian(x_pred, x_sym)"
   ]
  },
  {
   "cell_type": "code",
   "execution_count": 5,
   "metadata": {},
   "outputs": [],
   "source": [
    "# Define the measurement function.\n",
    "# the measurements are: \n",
    "# [z, roll, pitch, yaw, dvl_vx, dvl_vy, dvl_vz] \n",
    "h_expr = ca.vertcat(\n",
    "    x_sym[2],        # pressure depth z\n",
    "    x_sym[3],        # imu roll\n",
    "    x_sym[4],        # imu pitch\n",
    "    x_sym[5],        # imu yaw\n",
    "    x_sym[6],       # DVL velocity x\n",
    "    x_sym[7],       # DVL velocity y\n",
    "    x_sym[8]        # DVL velocity z\n",
    ")\n",
    "\n",
    "# Compute the measurement Jacobian: H = ∂h/∂x\n",
    "H_sym = ca.jacobian(h_expr, x_sym)\n",
    "\n",
    "# a function for the measurement model and its Jacobian\n",
    "h_func = ca.Function('h_func', [x_sym], [h_expr, H_sym])"
   ]
  },
  {
   "cell_type": "code",
   "execution_count": 6,
   "metadata": {},
   "outputs": [
    {
     "data": {
      "text/plain": [
       "0"
      ]
     },
     "execution_count": 6,
     "metadata": {},
     "output_type": "execute_result"
    }
   ],
   "source": [
    "# --- EKF iteration as a Casadi function ---\n",
    "y_sym = ca.SX.sym('y', ny)       # measurement vector\n",
    "P_sym = ca.SX.sym('P', nx, nx)   # error covariance\n",
    "\n",
    "# Process and measurement noise covariances\n",
    "Q_sym = ca.SX.sym('Q', nx, nx)   # process noise covariance\n",
    "R_sym = ca.SX.sym('R', ny, ny)   # measurement noise covariance\n",
    "\n",
    "# Prediction step:\n",
    "#   x_pred = f(x,u,dt)\n",
    "#   P_pred = AF * P * AF^T + Q\n",
    "P_pred = AF @ P_sym @ AF.T + Q_sym\n",
    "\n",
    "# Measurement update:\n",
    "#   Compute the predicted measurement and its Jacobian\n",
    "h_pred, H = h_func(x_pred)\n",
    "\n",
    "# Innovation (measurement residual)\n",
    "Y_corrected_k = ca.diag([1,  \n",
    "                         1, -1, -1, \n",
    "                         1, 1, 1])@y_sym #corrected z and yaw directions\n",
    "\n",
    "\n",
    "y_err = Y_corrected_k - h_pred\n",
    "# Innovation covariance\n",
    "S = H @ P_pred @ H.T + R_sym\n",
    "# Kalman gain\n",
    "K = P_pred @ H.T @ ca.inv(S)\n",
    "# Updated state estimate\n",
    "x_upd = x_pred + K @ y_err\n",
    "# Updated covariance\n",
    "P_upd = (ca.SX.eye(nx) - K @ H) @ P_pred\n",
    "\n",
    "# Create the EKF update function.\n",
    "ekf_update = ca.Function('ekf_update',\n",
    "                           [x_sym, P_sym, dt, y_sym, Q_sym, R_sym, v_c],\n",
    "                           [x_upd, P_upd, y_err],\n",
    "                           ['x', 'P','dt', 'y', 'Q', 'R', 'v_c'],\n",
    "                           ['x_next', 'P_next', 'y_err'])\n",
    "# ekf_update.save('EKF_update.casadi')\n",
    "\n",
    "# c , cpp or matlab code generation for forward dynamics\n",
    "ekf_update.generate(\"EKFnext.c\")\n",
    "os.system(f\"gcc -fPIC -shared EKFnext.c -o libEKF_next.so\")"
   ]
  },
  {
   "cell_type": "code",
   "execution_count": 7,
   "metadata": {},
   "outputs": [
    {
     "data": {
      "text/plain": [
       "{'P_next': DM(\n",
       " [[1.10645, -0.0044546, -5.13898e-05, 0.00848712, -0.000394859, -0.0111933, 0.00199724, -0.000322989, 0.00807279, -0.0035412, 0.00372522, 0.00056371, -0.000539769, -3.62174e-05, -0.00330343, -0.000424356, 0.000326168, 0.000185968], \n",
       "  [-0.0044546, 1.10586, 7.75034e-05, -0.00816889, -0.000622929, 0.0102809, 0.0041782, 0.00715252, -0.000779071, 0.00346315, -0.00294857, -0.000854001, -0.0019017, -0.00271553, 0.000417565, 0.000408444, -0.000248475, -0.000196558], \n",
       "  [-5.13898e-05, 7.75034e-05, 0.0917118, -0.000365569, -0.0011003, -6.67388e-05, -0.000573699, 0.0003518, 0.000156573, 0.000213511, 0.000549117, -0.000371208, 0.000224983, -0.000163388, -3.55947e-05, 1.82784e-05, 5.88759e-05, -2.75758e-05], \n",
       "  [0.00848712, -0.00816889, -0.000365569, 0.0911861, 0.0023402, -0.000118314, -2.53041e-05, 1.55168e-05, 6.90593e-06, 0.0088067, 0.0126897, 0.00586106, 9.9233e-06, -7.20652e-06, -1.56997e-06, 0.000440696, 0.000523531, 0.000475209], \n",
       "  [-0.000394859, -0.000622929, -0.0011003, 0.0023402, 0.0898092, 0.00255956, -7.6161e-05, 4.67029e-05, 2.07857e-05, -0.0029387, -0.00481916, -0.0123205, 2.98675e-05, -2.16904e-05, -4.72535e-06, -0.00011701, -7.73513e-05, -0.000655201], \n",
       "  [-0.0111933, 0.0102809, -6.67388e-05, -0.000118314, 0.00255956, 0.0920924, -4.61955e-06, 2.83277e-06, 1.26076e-06, 7.20365e-05, 0.0132518, 0.00689229, 1.81161e-06, -1.31563e-06, -2.86617e-07, 5.91571e-06, 0.000554374, 0.000508048], \n",
       "  [0.00199724, 0.0041782, -0.000573699, -2.53041e-05, -7.6161e-05, -4.61955e-06, 0.0916958, 2.4351e-05, 1.08377e-05, 1.47789e-05, 3.8009e-05, -2.56944e-05, 0.00828004, -1.13094e-05, -2.46381e-06, 1.2652e-06, 4.07529e-06, -1.90875e-06], \n",
       "  [-0.000322989, 0.00715252, 0.0003518, 1.55168e-05, 4.67029e-05, 2.83277e-06, 2.4351e-05, 0.0917206, -6.64582e-06, -9.0626e-06, -2.33076e-05, 1.57561e-05, -9.54954e-06, 0.0082714, 1.51084e-06, -7.75839e-07, -2.49902e-06, 1.17047e-06], \n",
       "  [0.00807279, -0.000779071, 0.000156573, 6.90593e-06, 2.07857e-05, 1.26076e-06, 1.08377e-05, -6.64582e-06, 0.0917326, -4.03342e-06, -1.03733e-05, 7.01246e-06, -4.25014e-06, 3.08654e-06, 0.00826514, -3.45297e-07, -1.11222e-06, 5.20933e-07], \n",
       "  [-0.0035412, 0.00346315, 0.000213511, 0.0088067, -0.0029387, 7.20365e-05, 1.47789e-05, -9.0626e-06, -4.03342e-06, 1.10116, -0.0124146, -0.00641505, -5.79571e-06, 4.20897e-06, 9.16943e-07, 0.0995597, -0.000503285, -0.000497772], \n",
       "  [0.00372522, -0.00294857, 0.000549117, 0.0126897, -0.00481916, 0.0132518, 3.8009e-05, -2.33076e-05, -1.03733e-05, -0.0124146, 1.06921, -0.0170041, -1.49057e-05, 1.08248e-05, 2.35824e-06, -0.000634483, 0.0982668, -0.00139925], \n",
       "  [0.00056371, -0.000854001, -0.000371208, 0.00586106, -0.0123205, 0.00689229, -2.56944e-05, 1.57561e-05, 7.01246e-06, -0.00641505, -0.0170041, 1.09178, 1.00764e-05, -7.31769e-06, -1.59419e-06, -0.000293053, -0.000587917, 0.0988904], \n",
       "  [-0.000539769, -0.0019017, 0.000224983, 9.9233e-06, 2.98675e-05, 1.81161e-06, 0.00828004, -9.54954e-06, -4.25014e-06, -5.79571e-06, -1.49057e-05, 1.00764e-05, 1.09173, 4.43513e-06, 9.66212e-07, -4.96165e-07, -1.59817e-06, 7.48541e-07], \n",
       "  [-3.62174e-05, -0.00271553, -0.000163388, -7.20652e-06, -2.16904e-05, -1.31563e-06, -1.13094e-05, 0.0082714, 3.08654e-06, 4.20897e-06, 1.08248e-05, -7.31769e-06, 4.43513e-06, 1.09173, -7.01684e-07, 3.60326e-07, 1.16063e-06, -5.43607e-07], \n",
       "  [-0.00330343, 0.000417565, -3.55947e-05, -1.56997e-06, -4.72535e-06, -2.86617e-07, -2.46381e-06, 1.51084e-06, 0.00826514, 9.16943e-07, 2.35824e-06, -1.59419e-06, 9.66212e-07, -7.01684e-07, 1.09174, 7.84986e-08, 2.52848e-07, -1.18427e-07], \n",
       "  [-0.000424356, 0.000408444, 1.82784e-05, 0.000440696, -0.00011701, 5.91571e-06, 1.2652e-06, -7.75839e-07, -3.45297e-07, 0.0995597, -0.000634483, -0.000293053, -4.96165e-07, 3.60326e-07, 7.84986e-08, 1.09998, -2.61765e-05, -2.37605e-05], \n",
       "  [0.000326168, -0.000248475, 5.88759e-05, 0.000523531, -7.73513e-05, 0.000554374, 4.07529e-06, -2.49902e-06, -1.11222e-06, -0.000503285, 0.0982668, -0.000587917, -1.59817e-06, 1.16063e-06, 2.52848e-07, -2.61765e-05, 1.09992, -5.29999e-05], \n",
       "  [0.000185968, -0.000196558, -2.75758e-05, 0.000475209, -0.000655201, 0.000508048, -1.90875e-06, 1.17047e-06, 5.20933e-07, -0.000497772, -0.00139925, 0.0988904, 7.48541e-07, -5.43607e-07, -1.18427e-07, -2.37605e-05, -5.29999e-05, 1.09993]]),\n",
       " 'x_next': DM([1.04886, 1.00109, 0.0988399, 0.0990119, 0.0445573, 0.0771365, 0.0977506, 0.0867138, 0.0890419, 1.00885, 0.806939, 1.05676, 0.906408, 0.911039, 0.909515, 0.995049, 0.986302, 0.993852]),\n",
       " 'y_err': DM([-0.990036, -1.31644, -0.946601, -1.25375, -1.1, -1.1, -1.1])}"
      ]
     },
     "execution_count": 7,
     "metadata": {},
     "output_type": "execute_result"
    }
   ],
   "source": [
    "ekf_update(x=ca.DM.ones(nx), P=ca.DM.eye(nx), dt=0.1, y=ca.DM.zeros(ny), Q=ca.DM.eye(nx)*0.1, R=ca.DM.eye(ny)*0.1, v_c=ca.DM.zeros(6))"
   ]
  },
  {
   "cell_type": "code",
   "execution_count": null,
   "metadata": {},
   "outputs": [],
   "source": []
  }
 ],
 "metadata": {
  "kernelspec": {
   "display_name": "Python 3",
   "language": "python",
   "name": "python3"
  },
  "language_info": {
   "codemirror_mode": {
    "name": "ipython",
    "version": 3
   },
   "file_extension": ".py",
   "mimetype": "text/x-python",
   "name": "python",
   "nbconvert_exporter": "python",
   "pygments_lexer": "ipython3",
   "version": "3.12.3"
  }
 },
 "nbformat": 4,
 "nbformat_minor": 2
}
